1 13 4
 -71.085689   42.454764 1266978774
 -71.068063   42.448481 1267655649
 -71.059470   42.464116 1269637011
 -71.049668   42.431512 1269638198
2 78 35
 -71.099492   42.388663 1266536380
 -71.118295   42.369572 1266681061
 -71.115316   42.375505 1266681082
 -71.103210   42.384197 1266690386
 -71.099633   42.388556 1266691004
 -71.103218   42.383806 1266866225
 -71.099643   42.388436 1266866243
 -71.103689   42.385221 1266873762
 -71.099468   42.388719 1266873937
 -71.103529   42.384880 1266880362
 -71.067345   42.372429 1266931404
 -71.099481   42.388693 1266941323
 -71.103520   42.385009 1266976648
 -71.099540   42.388607 1266976663
 -71.103210   42.384197 1267142726
 -71.099459   42.388655 1267142736
 -71.103210   42.384197 1267286741
 -71.099473   42.388709 1267286760
 -71.103444   42.384611 1268948991
 -71.109976   42.380657 1268949828
 -71.104352   42.384056 1269125789
 -71.108953   42.382787 1269125999
 -71.103520   42.385009 1269210080
 -71.099478   42.388710 1269210080
 -71.103689   42.385221 1269283906
 -71.099486   42.388537 1269284026
 -71.103210   42.384197 1269284074
 -71.099776   42.388348 1269284102
 -71.103210   42.384197 1269365820
 -71.099835   42.388279 1269440543
 -71.103498   42.384769 1269440756
 -71.099459   42.388655 1269440966
 -71.103210   42.384197 1269441172
 -71.099479   42.388722 1269441240
 -71.103289   42.384502 1269466699
